(14,98) (19,94) (22,98) (24,100) (30,98) (33,93) (38,89) (41,95) (43,92) (48,93) (49,97) (50,88) (51,89) (51,95) (59,87) (63,91) (71,88) (71,98) (74,96) (75,95) (75,95) (76,96) (77,91) (77,98) (77,100) (80,95) (81,89) (83,87) (83,92) (84,96) (85,91) (85,99) (86,93) (86,94) (87,95) (87,95)
(2,51) (9,52) (12,79) (13,47) (14,98) (15,58) (19,94) (21,66) (22,98) (24,100) (25,56) (27,75) (29,70) (29,86) (30,66) (30,98) (32,53) (32,84) (33,93) (34,52) (36,79) (38,54) (38,57) (38,89) (41,77) (41,95) (43,92)
(2,51) (3,41) (8,38) (9,52) (12,79) (13,47) (14,98) (15,58) (19,94) (21,66) (22,98) (24,100) (25,56) (27,75) (28,44) (29,70) (29,86) (30,66) (30,98) (32,53) (32,84)
(2,51) (3,41) (7,8)
(12,79) (14,98) (19,94) (21,66) (22,98) (24,100) (27,75) (29,70) (29,86) (30,66) (30,98) (32,84) (33,93) (36,79) (38,89) (41,77) (41,95) (43,92) (48,93) (49,66) (49,97) (50,88) (51,89) (51,95) (52,68) (54,71) (59,87) (60,75) (63,73) (63,91)
(2,51) (3,41)
(12,79) (14,98) (15,58) (19,94) (21,66) (22,98) (24,100) (25,56) (27,75) (29,70) (29,86) (30,66) (30,98) (32,84) (33,93) (36,79) (38,57) (38,89) (41,77) (41,95) (43,92) (48,93) (49,66) (49,97) (50,88) (51,89) (51,95) (52,68) (54,71) (56,56)
(2,51) (3,41) (8,38) (9,52) (11,28) (12,79) (13,47) (14,98) (15,29) (15,58) (19,25) (19,94)
(12,79) (14,98) (19,94) (22,98) (24,100) (27,75) (29,86) (30,98) (32,84) (33,93) (36,79) (38,89) (41,77) (41,95) (43,92) (48,93) (49,97) (50,88) (51,89) (51,95) (59,87) (60,75) (63,91) (71,88) (71,98) (73,84) (74,96) (75,95) (75,95)

(12,79) (14,98) (19,94) (21,66) (22,98) (24,100) (27,75) (29,70) (29,86) (30,66) (30,98) (32,84) (33,93) (36,79) (38,89) (41,77) (41,95) (43,92) (48,93) (49,66) (49,97) (50,88) (51,89) (51,95) (52,68) (54,71) (59,87) (60,75)
(12,79) (14,98) (19,94) (22,98) (24,100) (29,86) (30,98) (32,84) (33,93) (36,79) (38,89) (41,95) (43,92) (48,93) (49,97) (50,88) (51,89) (51,95) (59,87) (63,91) (71,88) (71,98) (73,84) (74,96) (75,95) (75,95) (76,96) (77,79) (77,91) (77,98) (77,100)
(2,51) (9,52) (12,79) (14,98) (15,58) (19,94) (21,66) (22,98) (24,100) (25,56) (27,75) (29,70) (29,86) (30,66) (30,98) (32,53) (32,84) (33,93) (34,52) (36,79) (38,54) (38,57) (38,89) (41,77) (41,95) (43,92) (48,93) (49,66) (49,97)
(12,79) (14,98) (19,94) (22,98) (24,100) (29,86) (30,98) (32,84) (33,93) (36,79) (38,89) (41,77) (41,95) (43,92) (48,93) (49,97) (50,88) (51,89) (51,95) (59,87) (63,91) (71,88) (71,98) (73,84) (74,96) (75,95) (75,95) (76,96)
(12,79) (14,98) (19,94) (21,66) (22,98) (24,100) (27,75) (29,70) (29,86) (30,66) (30,98) (32,84) (33,93) (36,79) (38,89) (41,77) (41,95) (43,92) (48,93) (49,66) (49,97) (50,88) (51,89) (51,95) (52,68) (54,71) (59,87) (60,75)
(14,98) (22,98) (24,100) (30,98) (49,97) (71,98) (74,96) (76,96) (77,98) (77,100) (84,96) (85,99) (92,98) (96,96)
(12,79) (14,98) (15,58) (19,94) (21,66) (22,98) (24,100) (25,56) (27,75) (29,70) (29,86) (30,66) (30,98) (32,84) (33,93) (36,79) (38,57) (38,89) (41,77) (41,95) (43,92) (48,93) (49,66) (49,97) (50,88) (51,89) (51,95) (52,68) (54,71) (56,56)
(12,79) (14,98) (19,94) (22,98) (24,100) (27,75) (29,86) (30,98) (32,84) (33,93) (36,79) (38,89) (41,77) (41,95) (43,92) (48,93) (49,97) (50,88) (51,89) (51,95) (59,87) (60,75) (63,91) (71,88) (71,98) (73,84) (74,96)
(12,79) (14,98) (19,94) (22,98) (24,100) (27,75) (29,70) (29,86) (30,98) (32,84) (33,93) (36,79) (38,89) (41,77) (41,95) (43,92) (48,93) (49,97) (50,88) (51,89) (51,95) (54,71) (59,87) (60,75) (63,73) (63,91)
(2,51) (3,41) (8,38) (9,52) (12,79) (13,47) (14,98) (15,58) (19,94) (21,66) (22,98) (24,100) (25,56) (27,75) (28,44) (29,70) (29,86) (30,66) (30,98) (32,53) (32,84) (33,38) (33,93) (34,36) (34,52) (35,40) (36,79)
(2,51) (9,52) (12,79) (14,98) (15,58) (19,94) (21,66) (22,98) (24,100) (25,56) (27,75) (29,70) (29,86) (30,66) (30,98) (32,53) (32,84) (33,93) (34,52) (36,79) (38,54) (38,57) (38,89) (41,77) (41,95) (43,92) (48,93) (49,66) (49,97) (50,55) (50,88)
(12,79) (14,98) (19,94) (22,98) (24,100) (27,75) (29,70) (29,86) (30,98) (32,84) (33,93) (36,79) (38,89) (41,77) (41,95) (43,92) (48,93) (49,97) (50,88) (51,89) (51,95) (54,71) (59,87) (60,75) (63,73) (63,91)
(2,51) (3,41)
(2,51) (9,52) (12,79) (13,47) (14,98) (15,58) (19,94) (21,66) (22,98) (24,100) (25,56) (27,75) (28,44) (29,70) (29,86) (30,66) (30,98) (32,53) (32,84) (33,93) (34,52) (36,79) (38,54) (38,57) (38,89) (41,77) (41,95) (43,92)

(12,79) (14,98) (19,94) (22,98) (24,100) (27,75) (29,70) (29,86) (30,98) (32,84) (33,93) (36,79) (38,89) (41,77) (41,95) (43,92) (48,93) (49,97) (50,88) (51,89) (51,95) (52,68) (54,71) (59,87) (60,75) (63,73) (63,91)
(12,79) (14,98) (19,94) (21,66) (22,98) (24,100) (27,75) (29,70) (29,86) (30,66) (30,98) (32,84) (33,93) (36,79) (38,89) (41,77) (41,95) (43,92) (48,93) (49,66) (49,97) (50,88) (51,89) (51,95) (52,68) (54,71) (59,87) (60,75)
(14,98) (19,94) (22,98) (24,100) (30,98) (33,93) (41,95) (48,93) (49,97) (51,95) (71,98) (74,96) (75,95) (75,95) (76,96) (77,98) (77,100) (80,95) (84,96) (85,99) (86,93) (86,94) (87,95) (87,95) (92,98)
(2,51) (3,41) (8,38) (9,52)
(14,98) (19,94) (22,98) (24,100) (29,86) (30,98) (32,84) (33,93) (38,89) (41,95) (43,92) (48,93) (49,97) (50,88) (51,89) (51,95) (59,87) (63,91) (71,88) (71,98) (73,84) (74,96) (75,95) (75,95) (76,96) (77,91) (77,98) (77,100) (80,81) (80,81) (80,95)
(12,79) (14,98) (19,94) (21,66) (22,98) (24,100) (27,75) (29,70) (29,86) (30,66) (30,98) (32,84) (33,93) (36,79) (38,89) (41,77) (41,95) (43,92) (48,93) (49,66) (49,97) (50,88) (51,89) (51,95) (52,68) (54,71) (59,87) (60,75) (63,73) (63,91)
(14,98) (19,94) (22,98) (24,100) (29,86) (30,98) (32,84) (33,93) (38,89) (41,95) (43,92) (48,93) (49,97) (50,88) (51,89) (51,95) (59,87) (63,91) (71,88) (71,98) (73,84) (74,96) (75,95) (75,95) (76,96) (77,91) (77,98) (77,100) (80,95) (81,89) (83,85) (83,87) (83,92) (84,96)
(12,79) (14,98) (19,94) (21,66) (22,98) (24,100) (27,75) (29,70) (29,86) (30,66) (30,98) (32,84) (33,93) (36,79) (38,89) (41,77) (41,95) (43,92) (48,93) (49,66) (49,97) (50,88) (51,89) (51,95) (52,68) (54,71) (59,87) (60,75)
(2,51) (3,41) (7,8)
(14,98) (22,98) (24,100) (30,98) (41,95) (49,97) (51,95) (71,98) (74,96) (75,95) (75,95) (76,96) (77,98) (77,100) (80,95) (84,96) (85,99) (87,95) (87,95) (92,98)
(12,79) (14,98) (15,58) (19,94) (21,66) (22,98) (24,100) (27,75) (29,70) (29,86) (30,66) (30,98) (32,84) (33,93) (36,79) (38,57) (38,89) (41,77) (41,95) (43,92) (48,93) (49,66) (49,97) (50,88) (51,89) (51,95) (52,68) (54,71)
(14,98) (19,94) (22,98) (24,100) (30,98) (33,93) (38,89) (41,95) (43,92) (48,93) (49,97) (51,89) (51,95) (63,91) (71,98) (74,96) (75,95) (75,95) (76,96) (77,91) (77,98) (77,100) (80,95) (81,89) (83,92) (84,96) (85,91) (85,99) (86,93) (86,94) (87,95) (87,95) (89,89)
(12,79) (14,98) (15,58) (19,94) (21,66) (22,98) (24,100) (27,75) (29,70) (29,86) (30,66) (30,98) (32,84) (33,93) (36,79) (38,57) (38,89) (41,77) (41,95) (43,92) (48,93) (49,66) (49,97) (50,88) (51,89) (51,95) (52,68) (54,71)
(12,79) (14,98) (19,94) (22,98) (24,100) (27,75) (29,70) (29,86) (30,98) (32,84) (33,93) (36,79) (38,89) (41,77) (41,95) (43,92) (48,93) (49,97) (50,88) (51,89) (51,95) (52,68) (54,71) (59,87) (60,75) (63,73) (63,91)
(14,98) (19,94) (22,98) (24,100) (30,98) (33,93) (41,95) (43,92) (48,93) (49,97) (51,95) (63,91) (71,98) (74,96) (75,95) (75,95) (76,96) (77,91) (77,98) (77,100) (80,95) (83,92) (84,96) (85,91) (85,99) (86,93) (86,94) (87,95) (87,95) (91,92)
(14,98) (19,94) (22,98) (24,100) (29,86) (30,98) (32,84) (33,93) (38,89) (41,95) (43,92) (48,93) (49,97) (50,88) (51,89) (51,95) (59,87) (63,91) (71,88) (71,98) (73,84) (74,96) (75,95) (75,95) (76,96) (77,91) (77,98) (77,100) (80,95) (81,89) (83,85) (83,87) (83,92) (84,96)
(2,51) (3,41) (8,38) (9,52) (11,28) (12,79) (13,47) (14,98) (15,29) (15,58) (19,25) (19,94) (21,25) (21,66) (22,26) (22,98) (23,31) (24,100)
(12,79) (14,98) (19,94) (22,98) (24,100) (27,75) (29,86) (30,98) (32,84) (33,93) (36,79) (38,89) (41,77) (41,95) (43,92) (48,93) (49,97) (50,88) (51,89) (51,95) (59,87) (60,75) (63,73) (63,91) (71,88) (71,98) (73,84)
