6
36 63
55 22
100 76
57 66
1 2
69 48
100
67 31 24 98
40 78 81 82
83 43 77 35
22 69 42 50
55 92 5 51
56 44 1 94
40 77 23 91
20 40 32 3
18 60 57 102
25 17 84 39
68 79 95 33
45 29 43 101
39 64 44 95
39 59 1 20
19 102 41 12
56 44 40 23
31 78 38 9
88 13 42 2
8 51 24 33
38 6 51 96
35 29 80 8
18 103 2 6
6 21 20 63
64 86 60 38
54 102 73 48
28 1 53 29
21 83 36 94
32 101 81 48
32 63 38 40
2 22 51 56
56 75 82 34
27 46 46 72
94 97 54 76
16 5 75 71
76 16 25 19
71 49 10 90
61 85 12 9
88 76 22 48
66 1 7 20
76 103 36 15
33 47 91 90
73 91 41 4
1 34 66 24
49 14 4 39
58 26 78 78
78 75 23 93
10 92 90 40
86 15 92 57
95 7 84 88
77 21 31 19
20 18 22 49
59 3 91 72
56 3 77 101
52 31 29 1
28 8 9 1
64 74 86 68
37 84 72 60
76 18 63 39
51 44 87 11
5 85 86 82
6 48 22 84
39 95 2 81
32 82 45 18
29 79 92 99
88 25 50 82
55 75 92 15
31 13 49 74
22 8 65 40
5 59 22 28
33 80 65 16
32 10 27 19
77 73 75 3
72 56 23 98
45 101 45 97
10 61 84 40
19 75 55 31
78 80 20 18
48 36 36 55
74 33 13 71
47 60 69 7
29 84 5 87
49 45 27 32
57 94 14 18
52 59 30 41
44 33 37 2
85 103 77 8
26 31 86 7
71 50 95 14
7 102 30 5
12 95 65 30
80 77 89 81
53 44 37 16
48 10 33 3
41 68 64 4
8 21 7 65
78 35 1 54
35 79 56 65
7 73 55 74
45 24 10 25
15 83 95 23
