(36,63) (57,66)

(57,66) (69,48)
(69,48)
(55,22) (69,48)
(55,22)
(57,66) (69,48)

(36,63) (57,66)

(69,48)
(36,63)
(57,66)

(55,22)

(55,22)
(55,22)

(36,63)



(69,48)
(57,66) (69,48)

(36,63) (57,66) (69,48)
(36,63) (57,66) (69,48) (100,76)


(57,66) (69,48)
(36,63)


(55,22)
(55,22) (57,66) (69,48)










(36,63) (57,66) (69,48)
(36,63) (57,66)

(55,22)






(57,66)
(36,63) (69,48)


(36,63)
(55,22) (57,66) (69,48)
(55,22)

(36,63) (57,66)
(55,22) (57,66) (69,48)


(55,22)
(36,63) (55,22) (69,48)


(57,66) (69,48)
(57,66) (69,48) (100,76)
(36,63) (57,66)
(69,48)


(36,63) (55,22) (57,66) (69,48)
(55,22) (57,66)
(36,63) (55,22) (57,66) (69,48)




(100,76)

(55,22) (57,66) (69,48)
(55,22)
(36,63) (69,48)



(55,22)

(55,22) (69,48)
(36,63)
(36,63) (57,66)

(36,63) (57,66) (69,48)
