44
26 81
57 20
63 75
9 76
1 93
6 95
76 11
27 91
12 10
96 77
82 42
74 69
10 85
8 8
13 50
52 90
72 76
39 68
77 10
50 12
40 72
10 31
95 14
59 14
76 94
92 48
45 35
92 77
20 27
23 62
32 56
94 91
74 81
74 83
40 93
74 50
59 28
2 22
21 73
91 87
76 64
38 82
56 48
47 36
100
39 78 62 97
26 25 81 15
84 65 95 57
80 88 84 46
14 88 94 80
47 12 9 77
35 95 49 40
3 51 17 62
13 53 36 27
2 100 73 74
47 30 20 105
95 41 72 66
15 96 42 55
36 4 21 12
70 90 20 79
93 65 86 49
38 41 24 46
45 31 48 80
28 16 50 33
63 96 3 77
40 75 28 4
8 72 91 24
10 32 52 5
6 50 61 54
17 6 17 64
39 10 33 2
90 68 9 11
5 38 67 66
38 8 2 78
14 27 39 102
74 54 71 38
74 68 55 58
46 36 71 65
41 16 8 84
46 79 84 76
32 96 69 75
8 65 79 84
48 83 50 89
46 74 50 48
92 10 54 87
78 34 10 25
82 54 39 65
74 58 94 67
62 68 16 59
95 83 46 11
94 45 67 92
95 39 1 21
8 40 60 4
68 53 46 2
42 36 46 42
70 27 34 20
32 32 12 39
84 62 27 19
65 44 43 9
67 88 42 4
33 13 15 33
59 9 78 42
87 27 59 56
78 105 47 15
38 41 21 49
28 80 79 45
88 47 90 26
65 85 23 76
14 16 15 103
44 62 62 30
60 38 87 66
51 86 58 90
82 74 7 4
89 70 54 88
17 104 52 52
81 28 41 75
59 15 49 45
67 37 11 50
40 66 67 53
17 28 81 44
77 71 95 87
68 87 77 88
45 25 39 21
51 17 82 102
87 40 39 62
27 51 94 17
68 94 39 103
92 91 40 42
81 61 9 33
77 70 87 36
82 62 55 11
65 84 61 57
30 58 25 32
6 9 5 45
24 31 54 16
73 16 52 30
29 2 60 34
50 98 54 44
7 24 23 68
79 101 62 87
74 12 89 47
12 80 70 53
94 16 6 86
94 94 84 32
8 48 48 78
