3 12 16 17 18 21 25 33 34 35 41
1
12 17 25 33 34 41

1 8 16 25 33 34 35 42
9 15 18 21 27 29 30 31 39 44
11 26 43
15 22 27 29 30 31 44
27 29 44
39
18 21 27 31 35 42 44
12
11 26 36 43

11 12 17 36 41
12 17 28 33 34 36 41

18 21 31

3 7 10 11 12 17 19 23 26 28 36 41
2 20 24 37
1 3 4 8 13 15 16 17 18 21 22 27 29 30 31 37 39 42 43 44
9 15 22 29
31
15 22
9 22 29
7 19

4 9 14 15 22 29 30 31 39
1 8 30 39
12 36 43

18
1 18 21 29 30 31 39 42
17 33 34
3 12 21
1 42
3 12 17 33 34 36 41
36 43
1 3 12 13 17 18 21 28 30 31 33 34 39 40 41 42
2 7 19 20 24
11 36 41 43
3 12 17 33 34

23
3 12 16 17 28 32 33 34 40
2 7 19 20 23 24
9 14 15 22 29 31
2 24 37

2 37


2 20 24 27 37 44
7 11 19
29
4 15 18 21 30 31 39 43
31
11

3 12 17 18 21 31 36 41 43
3 11 12 16 17 33 34 36 37 41 43 44
11 12 17 36 41

27 43 44
18 21 42
3 12 16 17 33 34 41

12 17 33 34 41

3 12 18 21 31 36 41 43
43
2 20 24 27 37 43 44

1 30 39
25
33 34
27
8 35 42
11 36 43
8 18 21 27 31 35 42 44
11 12 17 25 26 28 32 33 34 36 40 41

7 19
12 17 33 34 36 41
7 11 36


14

27 43 44
15
26 36 43
15 22 29 30
10 28 40
1 3 12 15 17 18 21 30 31 33 34 36 39 42 43
12 18 30 31 41
1 2 3 7 11 12 17 18 19 20 21 24 26 27 28 29 30 31 33 34 36 37 39 41 42 43 44

4 15 18 21 30 31 39
